Size,Avg Latency(us),Min Latency(us),Max Latency(us),Iterations,NP_total,ALGO,ALGO_NAME
1,0.15,0.15,0.15,30000,2,5,binary_tree
2,0.15,0.15,0.15,30000,2,5,binary_tree
4,0.15,0.15,0.15,30000,2,5,binary_tree
8,0.17,0.16,0.17,30000,2,5,binary_tree
16,0.15,0.15,0.15,30000,2,5,binary_tree
32,0.15,0.15,0.15,30000,2,5,binary_tree
64,0.15,0.15,0.16,30000,2,5,binary_tree
128,0.15,0.15,0.22,30000,2,5,binary_tree
256,0.15,0.14,0.22,30000,2,5,binary_tree
512,0.15,0.15,0.24,30000,2,5,binary_tree
1024,0.15,0.15,0.23,30000,2,5,binary_tree
2048,0.15,0.15,0.31,30000,2,5,binary_tree
4096,0.16,0.15,0.38,30000,2,5,binary_tree
8192,0.15,0.15,0.57,30000,2,5,binary_tree
16384,0.15,0.15,3.79,30000,2,5,binary_tree
32768,0.15,0.15,4.31,30000,2,5,binary_tree
65536,0.15,0.14,6.68,30000,2,5,binary_tree
131072,0.15,0.15,9.60,30000,2,5,binary_tree
262144,0.15,0.15,22.74,30000,2,5,binary_tree
524288,0.15,0.14,49.70,30000,2,5,binary_tree
1,0.18,0.18,0.18,30000,4,5,binary_tree
2,0.18,0.18,0.18,30000,4,5,binary_tree
4,0.17,0.17,0.18,30000,4,5,binary_tree
8,0.18,0.18,0.18,30000,4,5,binary_tree
16,0.17,0.17,0.18,30000,4,5,binary_tree
32,0.18,0.17,0.18,30000,4,5,binary_tree
64,0.17,0.17,0.18,30000,4,5,binary_tree
128,0.18,0.18,0.32,30000,4,5,binary_tree
256,0.17,0.17,0.32,30000,4,5,binary_tree
512,0.18,0.18,0.35,30000,4,5,binary_tree
1024,0.17,0.17,0.37,30000,4,5,binary_tree
2048,0.18,0.18,0.50,30000,4,5,binary_tree
4096,0.18,0.17,0.70,30000,4,5,binary_tree
8192,0.18,0.18,1.09,30000,4,5,binary_tree
16384,0.18,0.18,4.09,30000,4,5,binary_tree
32768,0.18,0.18,5.05,30000,4,5,binary_tree
65536,0.18,0.17,8.03,30000,4,5,binary_tree
131072,0.17,0.17,16.46,30000,4,5,binary_tree
262144,0.18,0.18,36.02,30000,4,5,binary_tree
524288,0.18,0.18,83.55,30000,4,5,binary_tree
1,0.73,0.73,0.73,30000,8,5,binary_tree
2,0.78,0.78,0.83,30000,8,5,binary_tree
4,0.75,0.75,0.81,30000,8,5,binary_tree
8,0.80,0.80,0.88,30000,8,5,binary_tree
16,0.79,0.78,0.86,30000,8,5,binary_tree
32,0.72,0.72,0.99,30000,8,5,binary_tree
64,0.77,0.77,0.98,30000,8,5,binary_tree
128,0.77,0.75,1.30,30000,8,5,binary_tree
256,0.78,0.78,1.36,30000,8,5,binary_tree
512,0.75,0.75,1.44,30000,8,5,binary_tree
1024,0.75,0.75,1.51,30000,8,5,binary_tree
2048,0.73,0.73,1.88,30000,8,5,binary_tree
4096,0.80,0.78,2.97,30000,8,5,binary_tree
8192,0.79,0.75,4.86,30000,8,5,binary_tree
16384,0.74,0.74,12.37,30000,8,5,binary_tree
32768,0.73,0.73,12.63,30000,8,5,binary_tree
65536,0.79,0.77,25.44,30000,8,5,binary_tree
131072,0.77,0.77,51.18,30000,8,5,binary_tree
262144,0.80,0.78,117.78,30000,8,5,binary_tree
524288,0.78,0.78,251.48,30000,8,5,binary_tree
1,1.21,1.21,1.21,30000,16,5,binary_tree
2,1.17,1.17,1.18,30000,16,5,binary_tree
4,1.29,1.23,1.29,30000,16,5,binary_tree
8,1.24,1.21,1.35,30000,16,5,binary_tree
16,1.20,1.20,1.26,30000,16,5,binary_tree
32,1.19,1.19,1.33,30000,16,5,binary_tree
64,1.23,1.18,1.35,30000,16,5,binary_tree
128,1.21,1.21,1.94,30000,16,5,binary_tree
256,1.19,1.19,2.07,30000,16,5,binary_tree
512,1.15,1.15,2.20,30000,16,5,binary_tree
1024,1.22,1.21,2.26,30000,16,5,binary_tree
2048,1.15,1.15,2.94,30000,16,5,binary_tree
4096,1.41,1.24,5.36,30000,16,5,binary_tree
8192,1.23,1.20,10.17,30000,16,5,binary_tree
16384,1.20,1.20,18.56,30000,16,5,binary_tree
32768,1.17,1.17,31.29,30000,16,5,binary_tree
65536,1.19,1.19,59.68,30000,16,5,binary_tree
131072,1.22,1.20,117.30,30000,16,5,binary_tree
262144,1.30,1.18,235.95,30000,16,5,binary_tree
524288,1.25,1.25,473.79,30000,16,5,binary_tree
1,1.66,1.66,1.66,30000,32,5,binary_tree
2,1.64,1.62,1.64,30000,32,5,binary_tree
4,1.67,1.64,1.68,30000,32,5,binary_tree
8,1.69,1.63,1.74,30000,32,5,binary_tree
16,1.58,1.58,1.59,30000,32,5,binary_tree
32,1.65,1.62,1.87,30000,32,5,binary_tree
64,1.60,1.55,1.87,30000,32,5,binary_tree
128,1.79,1.54,2.55,30000,32,5,binary_tree
256,1.79,1.56,2.60,30000,32,5,binary_tree
512,1.66,1.58,2.93,30000,32,5,binary_tree
1024,1.61,1.57,3.21,30000,32,5,binary_tree
2048,1.71,1.66,4.28,30000,32,5,binary_tree
4096,1.63,1.60,5.88,30000,32,5,binary_tree
8192,1.62,1.56,8.91,30000,32,5,binary_tree
16384,1.66,1.57,16.16,30000,32,5,binary_tree
32768,1.60,1.57,27.16,30000,32,5,binary_tree
65536,1.72,1.56,52.55,30000,32,5,binary_tree
131072,1.68,1.61,112.23,30000,32,5,binary_tree
262144,1.77,1.63,233.91,30000,32,5,binary_tree
524288,1.71,1.61,511.48,30000,32,5,binary_tree
1,1.65,1.65,1.65,30000,64,5,binary_tree
2,1.73,1.69,1.73,30000,64,5,binary_tree
4,1.68,1.63,1.68,30000,64,5,binary_tree
8,1.68,1.64,1.68,30000,64,5,binary_tree
16,1.64,1.61,1.65,30000,64,5,binary_tree
32,1.70,1.62,2.01,30000,64,5,binary_tree
64,1.67,1.63,2.03,30000,64,5,binary_tree
128,1.73,1.62,3.01,30000,64,5,binary_tree
256,1.70,1.64,3.00,30000,64,5,binary_tree
512,1.66,1.66,3.27,30000,64,5,binary_tree
1024,1.64,1.64,3.78,30000,64,5,binary_tree
2048,1.70,1.63,4.90,30000,64,5,binary_tree
4096,1.72,1.60,6.82,30000,64,5,binary_tree
8192,1.72,1.64,11.09,30000,64,5,binary_tree
16384,1.66,1.66,19.96,30000,64,5,binary_tree
32768,1.67,1.63,35.57,30000,64,5,binary_tree
65536,1.79,1.70,74.53,30000,64,5,binary_tree
131072,1.76,1.71,156.68,30000,64,5,binary_tree
262144,1.82,1.67,332.06,30000,64,5,binary_tree
524288,1.71,1.63,709.98,30000,64,5,binary_tree
1,2.68,2.68,2.68,30000,128,5,binary_tree
2,2.65,2.65,3.77,30000,128,5,binary_tree
4,2.56,2.56,3.78,30000,128,5,binary_tree
8,2.56,2.56,3.78,30000,128,5,binary_tree
16,2.68,2.68,4.01,30000,128,5,binary_tree
32,2.63,2.63,4.34,30000,128,5,binary_tree
64,2.60,2.60,4.59,30000,128,5,binary_tree
128,2.58,2.58,6.03,30000,128,5,binary_tree
256,2.61,2.61,6.14,30000,128,5,binary_tree
512,2.60,2.60,6.63,30000,128,5,binary_tree
1024,2.61,2.61,6.79,30000,128,5,binary_tree
2048,2.57,2.57,10.17,30000,128,5,binary_tree
4096,2.59,2.59,19.30,30000,128,5,binary_tree
8192,2.58,2.58,35.62,30000,128,5,binary_tree
16384,2.59,2.59,118.56,30000,128,5,binary_tree
32768,2.57,2.57,174.99,30000,128,5,binary_tree
65536,2.58,2.58,178.15,30000,128,5,binary_tree
131072,2.58,2.58,248.29,30000,128,5,binary_tree
262144,2.69,2.69,518.05,30000,128,5,binary_tree
524288,2.64,2.64,1105.48,30000,128,5,binary_tree
1,0.98,0.98,0.98,30000,256,5,binary_tree
2,1.02,1.02,1.02,30000,256,5,binary_tree
4,1.00,0.99,1.00,30000,256,5,binary_tree
8,0.98,0.98,1.01,30000,256,5,binary_tree
16,0.98,0.98,1.02,30000,256,5,binary_tree
32,1.01,1.00,1.20,30000,256,5,binary_tree
64,0.98,0.98,1.20,30000,256,5,binary_tree
128,0.99,0.98,2.12,30000,256,5,binary_tree
256,1.06,1.05,2.82,30000,256,5,binary_tree
512,1.01,1.00,3.42,30000,256,5,binary_tree
1024,0.99,0.99,4.25,30000,256,5,binary_tree
2048,1.00,1.00,5.97,30000,256,5,binary_tree
4096,1.00,1.00,9.34,30000,256,5,binary_tree
8192,1.00,1.00,16.05,30000,256,5,binary_tree
16384,0.98,0.98,122.43,30000,256,5,binary_tree
32768,0.98,0.98,122.88,30000,256,5,binary_tree
65536,0.98,0.98,122.48,30000,256,5,binary_tree
131072,0.97,0.97,207.51,30000,256,5,binary_tree
262144,0.97,0.97,450.22,30000,256,5,binary_tree
524288,0.98,0.98,982.56,30000,256,5,binary_tree
