Size,Avg Latency(us),Min Latency(us),Max Latency(us),Iterations,NP_total,ALGO,ALGO_NAME
4,0.15,0.15,0.15,30000,2,0,ignore
4,0.17,0.17,0.17,30000,4,0,ignore
4,0.37,0.36,0.38,30000,6,0,ignore
4,0.76,0.76,0.79,30000,8,0,ignore
4,1.26,1.19,1.29,30000,10,0,ignore
4,1.10,1.05,1.12,30000,12,0,ignore
4,1.05,1.05,1.06,30000,14,0,ignore
4,1.20,1.20,1.26,30000,16,0,ignore
4,1.77,1.77,1.95,30000,18,0,ignore
4,1.57,1.55,1.57,30000,20,0,ignore
4,1.48,1.46,1.48,30000,22,0,ignore
4,1.57,1.41,1.57,30000,24,0,ignore
4,1.55,1.37,1.55,30000,26,0,ignore
4,1.43,1.31,1.43,30000,28,0,ignore
4,1.35,1.33,1.35,30000,30,0,ignore
4,1.68,1.68,1.78,30000,32,0,ignore
4,2.72,2.47,2.72,30000,34,0,ignore
4,2.27,2.18,2.27,30000,36,0,ignore
4,2.27,2.17,2.30,30000,38,0,ignore
4,2.13,2.06,2.19,30000,40,0,ignore
4,2.11,2.03,2.16,30000,42,0,ignore
4,2.23,1.97,2.23,30000,44,0,ignore
4,2.13,2.04,2.13,30000,46,0,ignore
4,2.20,2.09,2.20,30000,48,0,ignore
4,2.22,2.02,2.22,30000,50,0,ignore
4,2.07,1.97,2.07,30000,52,0,ignore
4,2.27,2.03,2.27,30000,54,0,ignore
4,2.26,2.13,2.26,30000,56,0,ignore
4,2.18,2.11,2.18,30000,58,0,ignore
4,2.01,2.01,2.06,30000,60,0,ignore
4,2.33,2.13,2.33,30000,62,0,ignore
4,1.71,1.70,1.71,30000,64,0,ignore
4,1.71,1.56,1.71,30000,66,0,ignore
4,1.99,1.91,1.99,30000,68,0,ignore
4,1.90,1.90,2.01,30000,70,0,ignore
4,2.18,2.17,2.30,30000,72,0,ignore
4,1.95,1.95,2.05,30000,74,0,ignore
4,2.40,2.21,2.40,30000,76,0,ignore
4,2.20,2.18,2.22,30000,78,0,ignore
4,2.46,2.29,2.46,30000,80,0,ignore
4,2.37,2.35,2.41,30000,82,0,ignore
4,2.46,2.46,2.58,30000,84,0,ignore
4,2.51,2.51,2.65,30000,86,0,ignore
4,2.68,2.64,2.68,30000,88,0,ignore
4,2.49,2.49,2.64,30000,90,0,ignore
4,2.83,2.61,2.83,30000,92,0,ignore
4,2.85,2.84,2.94,30000,94,0,ignore
4,2.48,2.48,2.55,30000,96,0,ignore
4,2.65,2.61,2.72,30000,98,0,ignore
4,2.55,2.53,2.63,30000,100,0,ignore
4,2.68,2.62,2.69,30000,102,0,ignore
4,2.75,2.64,2.77,30000,104,0,ignore
4,2.74,2.74,3.21,30000,106,0,ignore
4,2.93,2.93,2.95,30000,108,0,ignore
4,2.95,2.95,3.00,30000,110,0,ignore
4,2.90,2.86,2.92,30000,112,0,ignore
4,2.93,2.93,3.13,30000,114,0,ignore
4,2.85,2.73,2.86,30000,116,0,ignore
4,3.11,3.11,3.21,30000,118,0,ignore
4,3.20,3.20,3.35,30000,120,0,ignore
4,3.08,3.05,3.24,30000,122,0,ignore
4,3.40,3.22,3.40,30000,124,0,ignore
4,3.40,3.40,3.64,30000,126,0,ignore
4,2.63,2.63,3.74,30000,128,0,ignore
4,1.93,1.93,2.68,30000,130,0,ignore
4,2.10,2.10,3.01,30000,132,0,ignore
4,2.12,2.12,2.99,30000,134,0,ignore
4,2.47,2.47,3.63,30000,136,0,ignore
4,2.65,2.65,3.49,30000,138,0,ignore
4,2.45,2.45,3.58,30000,140,0,ignore
4,2.51,2.51,3.31,30000,142,0,ignore
4,2.59,2.59,3.86,30000,144,0,ignore
4,2.78,2.78,3.76,30000,146,0,ignore
4,2.79,2.79,3.53,30000,148,0,ignore
4,3.31,3.31,3.81,30000,150,0,ignore
4,3.32,3.32,4.06,30000,152,0,ignore
4,3.31,3.31,4.31,30000,154,0,ignore
4,3.61,3.61,4.76,30000,156,0,ignore
4,3.86,3.86,5.08,30000,158,0,ignore
4,4.63,4.63,6.10,30000,160,0,ignore
4,4.62,4.62,6.32,30000,162,0,ignore
4,5.36,5.36,6.95,30000,164,0,ignore
4,5.84,5.84,7.36,30000,166,0,ignore
4,6.44,6.44,7.73,30000,168,0,ignore
4,6.48,6.48,8.80,30000,170,0,ignore
4,6.78,6.78,7.82,30000,172,0,ignore
4,6.63,6.63,7.68,30000,174,0,ignore
4,4.42,4.42,5.95,30000,176,0,ignore
4,4.97,4.97,6.48,30000,178,0,ignore
4,5.10,5.10,6.80,30000,180,0,ignore
4,5.41,5.41,6.98,30000,182,0,ignore
4,5.47,5.47,6.88,30000,184,0,ignore
4,5.46,5.46,7.28,30000,186,0,ignore
4,5.92,5.92,7.46,30000,188,0,ignore
4,6.29,6.29,7.96,30000,190,0,ignore
4,5.79,5.79,7.73,30000,192,0,ignore
4,6.53,6.53,8.58,30000,194,0,ignore
4,6.67,6.67,8.90,30000,196,0,ignore
4,7.38,7.38,9.33,30000,198,0,ignore
4,7.79,7.79,9.93,30000,200,0,ignore
4,8.55,8.55,10.89,30000,202,0,ignore
4,9.00,9.00,10.51,30000,204,0,ignore
4,9.52,9.52,10.81,30000,206,0,ignore
4,9.30,9.30,10.71,30000,208,0,ignore
4,9.90,9.90,11.31,30000,210,0,ignore
4,10.50,10.50,11.58,30000,212,0,ignore
4,11.07,11.07,11.86,30000,214,0,ignore
4,10.83,10.83,11.84,30000,216,0,ignore
4,11.43,11.43,12.11,30000,218,0,ignore
4,11.54,11.54,12.00,30000,220,0,ignore
4,11.51,11.45,13.51,30000,222,0,ignore
4,8.21,8.21,11.17,30000,224,0,ignore
4,9.49,9.49,11.47,30000,226,0,ignore
4,9.67,9.67,11.90,30000,228,0,ignore
4,9.99,9.99,12.21,30000,230,0,ignore
4,10.24,10.24,12.56,30000,232,0,ignore
4,10.68,10.68,13.09,30000,234,0,ignore
4,10.91,10.91,13.49,30000,236,0,ignore
4,11.57,11.57,13.69,30000,238,0,ignore
4,11.23,11.23,13.99,30000,240,0,ignore
4,12.01,12.01,14.48,30000,242,0,ignore
4,12.73,12.73,15.09,30000,244,0,ignore
4,13.52,13.52,15.43,30000,246,0,ignore
4,13.54,13.54,16.07,30000,248,0,ignore
4,14.60,14.60,16.59,30000,250,0,ignore
4,15.40,15.40,17.52,30000,252,0,ignore
4,16.32,16.32,18.96,30000,254,0,ignore
4,1.00,1.00,1.01,30000,256,0,ignore
