Size,Avg Latency(us),Min Latency(us),Max Latency(us),Iterations,NP_total,ALGO,ALGO_NAME
1,0.15,0.15,0.15,30000,2,3,pipeline
2,0.15,0.15,0.15,30000,2,3,pipeline
4,0.15,0.15,0.15,30000,2,3,pipeline
8,0.15,0.14,0.15,30000,2,3,pipeline
16,0.16,0.15,0.16,30000,2,3,pipeline
32,0.15,0.14,0.15,30000,2,3,pipeline
64,0.15,0.15,0.15,30000,2,3,pipeline
128,0.15,0.14,0.22,30000,2,3,pipeline
256,0.16,0.15,0.23,30000,2,3,pipeline
512,0.15,0.14,0.25,30000,2,3,pipeline
1024,0.15,0.15,0.26,30000,2,3,pipeline
2048,0.14,0.14,0.31,30000,2,3,pipeline
4096,0.15,0.14,0.39,30000,2,3,pipeline
8192,0.15,0.14,0.55,30000,2,3,pipeline
16384,0.16,0.15,3.80,30000,2,3,pipeline
32768,0.15,0.15,4.31,30000,2,3,pipeline
65536,0.15,0.15,5.50,30000,2,3,pipeline
131072,0.15,0.15,10.32,30000,2,3,pipeline
262144,0.16,0.15,24.14,30000,2,3,pipeline
524288,0.15,0.14,54.07,30000,2,3,pipeline
1,0.19,0.19,0.19,30000,4,3,pipeline
2,0.19,0.19,0.19,30000,4,3,pipeline
4,0.19,0.19,0.19,30000,4,3,pipeline
8,0.19,0.19,0.19,30000,4,3,pipeline
16,0.19,0.19,0.19,30000,4,3,pipeline
32,0.19,0.19,0.19,30000,4,3,pipeline
64,0.19,0.19,0.19,30000,4,3,pipeline
128,0.19,0.19,0.33,30000,4,3,pipeline
256,0.19,0.19,0.33,30000,4,3,pipeline
512,0.19,0.19,0.37,30000,4,3,pipeline
1024,0.19,0.19,0.37,30000,4,3,pipeline
2048,0.19,0.19,0.50,30000,4,3,pipeline
4096,0.19,0.19,0.70,30000,4,3,pipeline
8192,0.19,0.19,1.10,30000,4,3,pipeline
16384,0.19,0.19,4.12,30000,4,3,pipeline
32768,0.19,0.19,5.03,30000,4,3,pipeline
65536,0.19,0.19,8.00,30000,4,3,pipeline
131072,0.19,0.19,15.97,30000,4,3,pipeline
262144,0.19,0.19,35.67,30000,4,3,pipeline
524288,0.19,0.19,76.77,30000,4,3,pipeline
1,0.71,0.71,0.71,30000,8,3,pipeline
2,0.75,0.75,0.80,30000,8,3,pipeline
4,0.72,0.72,0.80,30000,8,3,pipeline
8,0.73,0.73,0.89,30000,8,3,pipeline
16,0.73,0.73,0.91,30000,8,3,pipeline
32,0.75,0.75,0.95,30000,8,3,pipeline
64,0.71,0.71,0.97,30000,8,3,pipeline
128,0.73,0.73,1.35,30000,8,3,pipeline
256,0.73,0.73,1.44,30000,8,3,pipeline
512,0.75,0.75,1.44,30000,8,3,pipeline
1024,0.73,0.73,1.51,30000,8,3,pipeline
2048,0.75,0.75,1.87,30000,8,3,pipeline
4096,0.71,0.71,3.02,30000,8,3,pipeline
8192,0.75,0.75,4.79,30000,8,3,pipeline
16384,0.77,0.77,12.51,30000,8,3,pipeline
32768,0.73,0.73,12.87,30000,8,3,pipeline
65536,0.82,0.80,24.41,30000,8,3,pipeline
131072,0.81,0.81,49.68,30000,8,3,pipeline
262144,0.71,0.71,110.87,30000,8,3,pipeline
524288,0.77,0.77,244.26,30000,8,3,pipeline
1,1.18,1.18,1.18,30000,16,3,pipeline
2,1.16,1.16,1.19,30000,16,3,pipeline
4,1.20,1.17,1.20,30000,16,3,pipeline
8,1.22,1.18,1.24,30000,16,3,pipeline
16,1.19,1.17,1.25,30000,16,3,pipeline
32,1.23,1.17,1.34,30000,16,3,pipeline
64,1.20,1.19,1.36,30000,16,3,pipeline
128,1.19,1.18,1.91,30000,16,3,pipeline
256,1.14,1.14,1.96,30000,16,3,pipeline
512,1.23,1.22,2.06,30000,16,3,pipeline
1024,1.13,1.13,2.23,30000,16,3,pipeline
2048,1.22,1.21,2.99,30000,16,3,pipeline
4096,1.17,1.17,5.48,30000,16,3,pipeline
8192,1.19,1.19,10.18,30000,16,3,pipeline
16384,1.17,1.16,17.96,30000,16,3,pipeline
32768,1.14,1.12,28.75,30000,16,3,pipeline
65536,1.17,1.16,55.63,30000,16,3,pipeline
131072,1.19,1.17,110.12,30000,16,3,pipeline
262144,1.24,1.22,222.51,30000,16,3,pipeline
524288,1.23,1.22,454.59,30000,16,3,pipeline
1,1.69,1.69,1.69,30000,32,3,pipeline
2,1.69,1.69,1.71,30000,32,3,pipeline
4,1.64,1.64,1.67,30000,32,3,pipeline
8,1.67,1.62,1.67,30000,32,3,pipeline
16,1.73,1.56,1.73,30000,32,3,pipeline
32,1.69,1.55,1.79,30000,32,3,pipeline
64,1.70,1.55,1.76,30000,32,3,pipeline
128,1.72,1.57,2.56,30000,32,3,pipeline
256,1.69,1.59,2.58,30000,32,3,pipeline
512,1.65,1.55,2.94,30000,32,3,pipeline
1024,1.68,1.56,3.26,30000,32,3,pipeline
2048,1.61,1.58,4.38,30000,32,3,pipeline
4096,1.70,1.60,5.86,30000,32,3,pipeline
8192,1.70,1.57,8.91,30000,32,3,pipeline
16384,1.71,1.55,16.03,30000,32,3,pipeline
32768,1.72,1.62,25.70,30000,32,3,pipeline
65536,1.74,1.59,46.29,30000,32,3,pipeline
131072,1.66,1.59,102.76,30000,32,3,pipeline
262144,1.67,1.57,230.52,30000,32,3,pipeline
524288,1.60,1.54,505.88,30000,32,3,pipeline
1,1.67,1.67,1.67,30000,64,3,pipeline
2,1.71,1.71,1.71,30000,64,3,pipeline
4,1.69,1.63,1.69,30000,64,3,pipeline
8,1.76,1.67,1.76,30000,64,3,pipeline
16,1.74,1.70,1.74,30000,64,3,pipeline
32,1.64,1.64,2.03,30000,64,3,pipeline
64,1.73,1.68,2.08,30000,64,3,pipeline
128,1.63,1.60,2.94,30000,64,3,pipeline
256,1.66,1.62,3.16,30000,64,3,pipeline
512,1.69,1.67,3.28,30000,64,3,pipeline
1024,1.59,1.57,3.59,30000,64,3,pipeline
2048,1.56,1.56,5.10,30000,64,3,pipeline
4096,1.68,1.61,6.83,30000,64,3,pipeline
8192,1.60,1.60,11.09,30000,64,3,pipeline
16384,1.63,1.60,20.65,30000,64,3,pipeline
32768,1.79,1.72,32.82,30000,64,3,pipeline
65536,1.69,1.65,64.28,30000,64,3,pipeline
131072,1.67,1.67,148.20,30000,64,3,pipeline
262144,1.68,1.63,316.51,30000,64,3,pipeline
524288,1.62,1.57,690.78,30000,64,3,pipeline
1,2.81,2.81,2.81,30000,128,3,pipeline
2,2.65,2.65,3.80,30000,128,3,pipeline
4,2.76,2.76,3.87,30000,128,3,pipeline
8,2.56,2.56,3.94,30000,128,3,pipeline
16,2.67,2.67,3.91,30000,128,3,pipeline
32,2.62,2.62,4.37,30000,128,3,pipeline
64,2.60,2.60,4.08,30000,128,3,pipeline
128,2.59,2.59,6.06,30000,128,3,pipeline
256,2.67,2.67,6.12,30000,128,3,pipeline
512,2.53,2.53,6.58,30000,128,3,pipeline
1024,2.68,2.68,6.67,30000,128,3,pipeline
2048,2.54,2.54,10.13,30000,128,3,pipeline
4096,2.66,2.66,19.11,30000,128,3,pipeline
8192,2.65,2.65,35.23,30000,128,3,pipeline
16384,2.58,2.58,114.54,30000,128,3,pipeline
32768,2.53,2.53,176.22,30000,128,3,pipeline
65536,2.64,2.64,174.37,30000,128,3,pipeline
131072,2.76,2.76,232.31,30000,128,3,pipeline
262144,2.80,2.80,494.26,30000,128,3,pipeline
524288,2.56,2.56,1084.98,30000,128,3,pipeline
1,1.06,1.06,1.06,30000,256,3,pipeline
2,1.03,1.01,1.03,30000,256,3,pipeline
4,1.03,1.02,1.04,30000,256,3,pipeline
8,1.02,1.00,1.03,30000,256,3,pipeline
16,1.02,1.01,1.04,30000,256,3,pipeline
32,1.01,1.00,1.21,30000,256,3,pipeline
64,1.04,1.03,1.23,30000,256,3,pipeline
128,1.07,1.01,2.19,30000,256,3,pipeline
256,1.04,1.04,2.92,30000,256,3,pipeline
512,1.06,1.04,3.60,30000,256,3,pipeline
1024,1.02,1.01,4.30,30000,256,3,pipeline
2048,1.02,1.02,6.11,30000,256,3,pipeline
4096,1.04,1.03,9.30,30000,256,3,pipeline
8192,0.99,0.99,16.10,30000,256,3,pipeline
16384,1.01,1.01,122.82,30000,256,3,pipeline
32768,1.01,1.00,122.62,30000,256,3,pipeline
65536,1.01,1.00,123.93,30000,256,3,pipeline
131072,0.99,0.98,197.42,30000,256,3,pipeline
262144,1.03,1.02,416.02,30000,256,3,pipeline
524288,1.02,1.02,820.45,30000,256,3,pipeline
