Size,Avg Latency(us),Min Latency(us),Max Latency(us),Iterations,NP_total,ALGO,ALGO_NAME
4,0.31,0.31,0.32,30000,2,3,linear_sync
4,0.64,0.64,0.65,30000,4,3,linear_sync
4,1.55,1.55,1.55,30000,6,3,linear_sync
4,2.34,2.29,2.63,30000,8,3,linear_sync
4,3.69,3.69,4.25,30000,10,3,linear_sync
4,4.43,4.43,4.89,30000,12,3,linear_sync
4,5.13,5.13,5.81,30000,14,3,linear_sync
4,6.23,6.03,6.23,30000,16,3,linear_sync
4,7.33,7.13,7.33,30000,18,3,linear_sync
4,8.62,8.25,8.62,30000,20,3,linear_sync
4,9.53,8.87,9.53,30000,22,3,linear_sync
4,10.23,9.65,10.23,30000,24,3,linear_sync
4,11.03,10.81,11.03,30000,26,3,linear_sync
4,12.01,11.07,12.01,30000,28,3,linear_sync
4,12.62,11.97,12.62,30000,30,3,linear_sync
4,13.41,12.90,13.41,30000,32,3,linear_sync
4,14.32,13.92,14.32,30000,34,3,linear_sync
4,15.50,14.94,15.62,30000,36,3,linear_sync
4,16.79,16.06,16.85,30000,38,3,linear_sync
4,17.48,17.41,17.67,30000,40,3,linear_sync
4,18.76,18.54,18.76,30000,42,3,linear_sync
4,19.33,19.29,20.81,30000,44,3,linear_sync
4,20.67,20.67,22.05,30000,46,3,linear_sync
4,22.00,21.30,22.00,30000,48,3,linear_sync
4,22.47,22.47,23.64,30000,50,3,linear_sync
4,23.90,23.60,24.65,30000,52,3,linear_sync
4,25.79,24.84,25.79,30000,54,3,linear_sync
4,26.84,26.42,26.95,30000,56,3,linear_sync
4,26.23,26.23,27.97,30000,58,3,linear_sync
4,28.87,28.18,29.19,30000,60,3,linear_sync
4,29.29,28.81,29.55,30000,62,3,linear_sync
4,30.49,29.33,30.49,30000,64,3,linear_sync
4,30.20,30.20,31.56,30000,66,3,linear_sync
4,31.98,31.96,32.85,30000,68,3,linear_sync
4,33.68,33.08,33.91,30000,70,3,linear_sync
4,35.67,34.04,35.67,30000,72,3,linear_sync
4,35.99,35.42,36.17,30000,74,3,linear_sync
4,37.87,36.71,37.87,30000,76,3,linear_sync
4,39.38,38.62,39.38,30000,78,3,linear_sync
4,40.50,39.56,40.50,30000,80,3,linear_sync
4,41.73,40.71,41.73,30000,82,3,linear_sync
4,42.86,42.06,42.86,30000,84,3,linear_sync
4,44.68,43.35,44.68,30000,86,3,linear_sync
4,45.93,44.85,45.93,30000,88,3,linear_sync
4,47.49,46.27,47.49,30000,90,3,linear_sync
4,50.90,48.91,50.90,30000,92,3,linear_sync
4,51.50,49.90,51.50,30000,94,3,linear_sync
4,52.63,51.01,52.63,30000,96,3,linear_sync
4,54.16,51.82,54.16,30000,98,3,linear_sync
4,54.89,53.34,54.89,30000,100,3,linear_sync
4,55.90,54.29,55.90,30000,102,3,linear_sync
4,56.95,55.75,56.95,30000,104,3,linear_sync
4,59.09,57.88,59.09,30000,106,3,linear_sync
4,61.57,59.28,61.57,30000,108,3,linear_sync
4,63.38,60.81,63.38,30000,110,3,linear_sync
4,63.12,61.28,63.12,30000,112,3,linear_sync
4,64.06,62.78,64.06,30000,114,3,linear_sync
4,67.12,65.24,67.12,30000,116,3,linear_sync
4,68.89,66.26,68.89,30000,118,3,linear_sync
4,70.65,67.53,70.65,30000,120,3,linear_sync
4,71.82,69.36,71.82,30000,122,3,linear_sync
4,75.82,71.34,75.82,30000,124,3,linear_sync
4,75.22,72.11,75.22,30000,126,3,linear_sync
4,75.64,72.98,75.64,30000,128,3,linear_sync
4,75.56,73.51,75.56,30000,130,3,linear_sync
4,79.20,76.12,79.20,30000,132,3,linear_sync
4,85.56,78.69,85.56,30000,134,3,linear_sync
4,83.38,80.59,83.38,30000,136,3,linear_sync
4,84.65,82.92,84.65,30000,138,3,linear_sync
4,87.04,84.66,87.04,30000,140,3,linear_sync
4,88.31,87.26,88.31,30000,142,3,linear_sync
4,89.88,88.51,92.80,30000,144,3,linear_sync
4,92.70,90.55,92.70,30000,146,3,linear_sync
4,94.12,92.74,94.12,30000,148,3,linear_sync
4,97.04,95.34,97.04,30000,150,3,linear_sync
4,99.81,97.53,99.81,30000,152,3,linear_sync
4,111.09,99.66,111.09,30000,154,3,linear_sync
4,103.37,102.09,103.37,30000,156,3,linear_sync
4,109.01,105.24,109.01,30000,158,3,linear_sync
4,109.14,106.58,109.14,30000,160,3,linear_sync
4,112.90,109.36,112.90,30000,162,3,linear_sync
4,114.29,111.81,114.29,30000,164,3,linear_sync
4,118.56,115.99,118.56,30000,166,3,linear_sync
4,121.23,118.67,123.08,30000,168,3,linear_sync
4,124.83,120.97,124.83,30000,170,3,linear_sync
4,127.80,126.47,131.85,30000,172,3,linear_sync
4,131.25,127.86,131.25,30000,174,3,linear_sync
4,140.34,130.66,140.34,30000,176,3,linear_sync
4,137.45,134.40,138.54,30000,178,3,linear_sync
4,141.22,137.66,141.22,30000,180,3,linear_sync
4,151.98,140.53,151.98,30000,182,3,linear_sync
4,147.09,145.26,147.71,30000,184,3,linear_sync
4,149.64,146.66,149.64,30000,186,3,linear_sync
4,163.32,151.13,163.32,30000,188,3,linear_sync
4,157.66,156.95,164.20,30000,190,3,linear_sync
4,160.85,157.07,162.13,30000,192,3,linear_sync
4,163.76,160.66,163.76,30000,194,3,linear_sync
4,174.38,164.76,174.38,30000,196,3,linear_sync
4,171.56,170.05,175.24,30000,198,3,linear_sync
4,174.26,172.20,180.53,30000,200,3,linear_sync
4,178.65,176.12,178.65,30000,202,3,linear_sync
4,183.70,179.70,183.70,30000,204,3,linear_sync
4,194.52,184.06,194.52,30000,206,3,linear_sync
4,190.31,187.35,194.38,30000,208,3,linear_sync
4,194.51,192.73,198.57,30000,210,3,linear_sync
4,198.16,195.82,201.34,30000,212,3,linear_sync
4,202.21,199.94,206.56,30000,214,3,linear_sync
4,207.29,202.76,207.29,30000,216,3,linear_sync
4,209.91,206.51,209.91,30000,218,3,linear_sync
4,221.41,210.69,221.41,30000,220,3,linear_sync
4,226.07,214.24,226.07,30000,222,3,linear_sync
4,227.35,217.89,227.35,30000,224,3,linear_sync
4,230.55,221.59,230.55,30000,226,3,linear_sync
4,235.06,225.34,235.06,30000,228,3,linear_sync
4,237.61,228.61,237.61,30000,230,3,linear_sync
4,247.46,232.79,247.46,30000,232,3,linear_sync
4,246.63,237.02,246.63,30000,234,3,linear_sync
4,251.49,241.36,251.49,30000,236,3,linear_sync
4,258.99,244.99,258.99,30000,238,3,linear_sync
4,261.26,249.09,261.26,30000,240,3,linear_sync
4,262.44,253.50,262.44,30000,242,3,linear_sync
4,260.94,257.98,262.04,30000,244,3,linear_sync
4,264.69,261.11,267.66,30000,246,3,linear_sync
4,269.68,265.83,273.11,30000,248,3,linear_sync
4,272.05,270.17,275.91,30000,250,3,linear_sync
4,276.93,273.41,278.15,30000,252,3,linear_sync
4,278.16,276.56,281.61,30000,254,3,linear_sync
4,292.76,277.22,292.76,30000,256,3,linear_sync
