Size,Avg Latency(us),Min Latency(us),Max Latency(us),Iterations,NP_total,ALGO,ALGO_NAME
1,0.12,0.12,0.12,30000,2,1,basic_linear
2,0.12,0.12,0.13,30000,2,1,basic_linear
4,0.13,0.12,0.13,30000,2,1,basic_linear
8,0.12,0.12,0.12,30000,2,1,basic_linear
16,0.13,0.12,0.13,30000,2,1,basic_linear
32,0.12,0.12,0.14,30000,2,1,basic_linear
64,0.12,0.12,0.15,30000,2,1,basic_linear
128,0.12,0.12,0.18,30000,2,1,basic_linear
256,0.13,0.12,0.19,30000,2,1,basic_linear
512,0.12,0.12,0.23,30000,2,1,basic_linear
1024,0.12,0.12,0.24,30000,2,1,basic_linear
2048,0.12,0.12,0.28,30000,2,1,basic_linear
4096,0.12,0.12,0.39,30000,2,1,basic_linear
8192,0.12,0.12,0.56,30000,2,1,basic_linear
16384,0.13,0.12,0.88,30000,2,1,basic_linear
32768,0.12,0.12,1.59,30000,2,1,basic_linear
65536,0.12,0.12,2.98,30000,2,1,basic_linear
131072,0.12,0.12,5.82,30000,2,1,basic_linear
262144,0.12,0.12,42.22,30000,2,1,basic_linear
524288,0.12,0.12,80.34,30000,2,1,basic_linear
1,0.19,0.19,0.19,30000,4,1,basic_linear
2,0.20,0.20,0.20,30000,4,1,basic_linear
4,0.19,0.19,0.19,30000,4,1,basic_linear
8,0.19,0.19,0.20,30000,4,1,basic_linear
16,0.19,0.19,0.19,30000,4,1,basic_linear
32,0.19,0.19,0.20,30000,4,1,basic_linear
64,0.20,0.19,0.20,30000,4,1,basic_linear
128,0.20,0.20,0.26,30000,4,1,basic_linear
256,0.19,0.19,0.27,30000,4,1,basic_linear
512,0.19,0.19,0.28,30000,4,1,basic_linear
1024,0.19,0.19,0.30,30000,4,1,basic_linear
2048,0.20,0.19,0.36,30000,4,1,basic_linear
4096,0.19,0.19,0.49,30000,4,1,basic_linear
8192,0.20,0.19,0.78,30000,4,1,basic_linear
16384,0.20,0.19,1.32,30000,4,1,basic_linear
32768,0.20,0.19,2.38,30000,4,1,basic_linear
65536,0.19,0.19,4.37,30000,4,1,basic_linear
131072,0.20,0.20,9.06,30000,4,1,basic_linear
262144,0.19,0.19,62.67,30000,4,1,basic_linear
524288,0.20,0.19,119.77,30000,4,1,basic_linear
1,0.37,0.37,0.37,30000,8,1,basic_linear
2,0.37,0.37,0.37,30000,8,1,basic_linear
4,0.35,0.35,0.38,30000,8,1,basic_linear
8,0.34,0.34,0.37,30000,8,1,basic_linear
16,0.36,0.36,0.37,30000,8,1,basic_linear
32,0.37,0.37,0.38,30000,8,1,basic_linear
64,0.35,0.35,0.37,30000,8,1,basic_linear
128,0.35,0.35,0.58,30000,8,1,basic_linear
256,0.36,0.36,0.62,30000,8,1,basic_linear
512,0.34,0.34,0.65,30000,8,1,basic_linear
1024,0.36,0.36,0.72,30000,8,1,basic_linear
2048,0.37,0.37,1.04,30000,8,1,basic_linear
4096,0.35,0.35,1.53,30000,8,1,basic_linear
8192,0.37,0.37,2.74,30000,8,1,basic_linear
16384,0.34,0.34,5.04,30000,8,1,basic_linear
32768,0.36,0.36,10.05,30000,8,1,basic_linear
65536,0.35,0.35,19.36,30000,8,1,basic_linear
131072,0.37,0.37,40.56,30000,8,1,basic_linear
262144,0.36,0.36,129.30,30000,8,1,basic_linear
524288,0.35,0.35,245.61,30000,8,1,basic_linear
1,0.73,0.73,0.73,30000,16,1,basic_linear
2,0.67,0.67,0.74,30000,16,1,basic_linear
4,0.73,0.73,0.73,30000,16,1,basic_linear
8,0.72,0.72,0.74,30000,16,1,basic_linear
16,0.72,0.72,0.75,30000,16,1,basic_linear
32,0.73,0.73,0.76,30000,16,1,basic_linear
64,0.72,0.72,0.75,30000,16,1,basic_linear
128,0.73,0.73,0.91,30000,16,1,basic_linear
256,0.72,0.72,0.98,30000,16,1,basic_linear
512,0.72,0.72,1.06,30000,16,1,basic_linear
1024,0.73,0.72,1.24,30000,16,1,basic_linear
2048,0.66,0.66,1.66,30000,16,1,basic_linear
4096,0.73,0.73,3.00,30000,16,1,basic_linear
8192,0.73,0.73,5.42,30000,16,1,basic_linear
16384,0.72,0.72,10.74,30000,16,1,basic_linear
32768,0.73,0.73,22.26,30000,16,1,basic_linear
65536,0.72,0.72,44.95,30000,16,1,basic_linear
131072,0.73,0.73,92.88,30000,16,1,basic_linear
262144,0.73,0.72,246.79,30000,16,1,basic_linear
524288,0.65,0.65,467.36,30000,16,1,basic_linear
1,1.34,1.34,1.34,30000,32,1,basic_linear
2,1.36,1.36,1.36,30000,32,1,basic_linear
4,1.36,1.34,1.37,30000,32,1,basic_linear
8,1.37,1.34,1.37,30000,32,1,basic_linear
16,1.36,1.35,1.36,30000,32,1,basic_linear
32,1.37,1.35,1.37,30000,32,1,basic_linear
64,1.37,1.34,1.38,30000,32,1,basic_linear
128,1.36,1.33,1.54,30000,32,1,basic_linear
256,1.33,1.31,1.57,30000,32,1,basic_linear
512,1.37,1.33,1.70,30000,32,1,basic_linear
1024,1.36,1.34,1.91,30000,32,1,basic_linear
2048,1.36,1.34,2.86,30000,32,1,basic_linear
4096,1.37,1.35,6.49,30000,32,1,basic_linear
8192,1.38,1.33,11.11,30000,32,1,basic_linear
16384,1.34,1.32,21.59,30000,32,1,basic_linear
32768,1.34,1.33,46.02,30000,32,1,basic_linear
65536,1.35,1.33,97.03,30000,32,1,basic_linear
131072,1.38,1.34,220.98,30000,32,1,basic_linear
262144,1.36,1.33,490.28,30000,32,1,basic_linear
524288,1.30,1.30,1163.63,30000,32,1,basic_linear
1,2.55,2.55,2.55,30000,64,1,basic_linear
2,2.54,2.54,2.58,30000,64,1,basic_linear
4,2.54,2.54,2.57,30000,64,1,basic_linear
8,2.53,2.53,2.57,30000,64,1,basic_linear
16,2.55,2.55,2.60,30000,64,1,basic_linear
32,2.54,2.46,2.58,30000,64,1,basic_linear
64,2.55,2.48,2.59,30000,64,1,basic_linear
128,2.55,2.47,2.74,30000,64,1,basic_linear
256,2.54,2.44,2.78,30000,64,1,basic_linear
512,2.56,2.46,2.95,30000,64,1,basic_linear
1024,2.52,2.45,3.45,30000,64,1,basic_linear
2048,2.54,2.48,6.14,30000,64,1,basic_linear
4096,2.54,2.47,12.47,30000,64,1,basic_linear
8192,2.52,2.50,25.03,30000,64,1,basic_linear
16384,2.56,2.51,61.80,30000,64,1,basic_linear
32768,2.58,2.50,146.74,30000,64,1,basic_linear
65536,2.57,2.53,254.73,30000,64,1,basic_linear
131072,2.53,2.49,528.78,30000,64,1,basic_linear
262144,2.59,2.52,1324.15,30000,64,1,basic_linear
524288,2.56,2.50,3100.87,30000,64,1,basic_linear
1,7.93,7.93,7.93,30000,128,1,basic_linear
2,8.02,7.77,8.02,30000,128,1,basic_linear
4,7.89,7.82,7.89,30000,128,1,basic_linear
8,7.90,7.67,7.90,30000,128,1,basic_linear
16,7.85,7.83,7.97,30000,128,1,basic_linear
32,7.84,7.69,9.11,30000,128,1,basic_linear
64,7.93,7.84,8.85,30000,128,1,basic_linear
128,7.92,7.81,9.96,30000,128,1,basic_linear
256,7.88,7.73,9.69,30000,128,1,basic_linear
512,7.97,7.84,10.11,30000,128,1,basic_linear
1024,7.86,7.86,10.28,30000,128,1,basic_linear
2048,7.85,7.85,13.86,30000,128,1,basic_linear
4096,7.87,7.66,26.41,30000,128,1,basic_linear
8192,7.85,7.85,49.89,30000,128,1,basic_linear
16384,7.90,7.88,148.22,30000,128,1,basic_linear
32768,7.82,7.82,692.31,30000,128,1,basic_linear
65536,7.91,7.75,638.10,30000,128,1,basic_linear
131072,7.71,7.71,1451.04,30000,128,1,basic_linear
262144,7.97,7.97,3600.89,30000,128,1,basic_linear
524288,8.04,7.96,6993.41,30000,128,1,basic_linear
1,3.95,3.95,3.95,30000,256,1,basic_linear
2,3.94,3.94,3.95,30000,256,1,basic_linear
4,4.01,3.89,4.01,30000,256,1,basic_linear
8,3.95,3.83,3.95,30000,256,1,basic_linear
16,4.11,4.05,4.20,30000,256,1,basic_linear
32,4.04,3.96,4.15,30000,256,1,basic_linear
64,3.97,3.93,4.18,30000,256,1,basic_linear
128,3.94,3.86,4.79,30000,256,1,basic_linear
256,3.89,3.76,5.01,30000,256,1,basic_linear
512,3.93,3.90,5.47,30000,256,1,basic_linear
1024,3.89,3.85,6.01,30000,256,1,basic_linear
2048,3.87,3.84,7.60,30000,256,1,basic_linear
4096,4.16,4.06,14.12,30000,256,1,basic_linear
8192,4.19,4.02,23.22,30000,256,1,basic_linear
16384,3.98,3.91,64.36,30000,256,1,basic_linear
32768,3.89,3.84,146.02,30000,256,1,basic_linear
65536,4.40,4.30,374.42,30000,256,1,basic_linear
131072,3.97,3.91,819.89,30000,256,1,basic_linear
262144,4.21,4.01,6543.69,30000,256,1,basic_linear
524288,3.94,3.84,11970.25,30000,256,1,basic_linear
