Size,Avg Latency(us),Min Latency(us),Max Latency(us),Iterations,NP_total,ALGO,ALGO_NAME
1,0.31,0.31,0.31,30000,2,3,linear_sync
2,0.32,0.31,0.32,30000,2,3,linear_sync
4,0.32,0.31,0.32,30000,2,3,linear_sync
8,0.32,0.31,0.32,30000,2,3,linear_sync
16,0.31,0.31,0.31,30000,2,3,linear_sync
32,0.31,0.31,0.32,30000,2,3,linear_sync
64,0.31,0.31,0.32,30000,2,3,linear_sync
128,0.31,0.31,0.37,30000,2,3,linear_sync
256,0.32,0.32,0.39,30000,2,3,linear_sync
512,0.32,0.32,0.40,30000,2,3,linear_sync
1024,0.31,0.31,0.42,30000,2,3,linear_sync
2048,0.31,0.30,0.47,30000,2,3,linear_sync
4096,0.31,0.31,0.56,30000,2,3,linear_sync
8192,0.32,0.31,0.75,30000,2,3,linear_sync
16384,0.32,0.32,1.35,30000,2,3,linear_sync
32768,0.31,0.31,2.17,30000,2,3,linear_sync
65536,0.32,0.31,3.53,30000,2,3,linear_sync
131072,0.31,0.31,6.64,30000,2,3,linear_sync
262144,0.31,0.31,38.69,30000,2,3,linear_sync
524288,0.32,0.32,75.36,30000,2,3,linear_sync
1,0.64,0.64,0.64,30000,4,3,linear_sync
2,0.64,0.63,0.64,30000,4,3,linear_sync
4,0.64,0.64,0.64,30000,4,3,linear_sync
8,0.64,0.63,0.64,30000,4,3,linear_sync
16,0.65,0.64,0.65,30000,4,3,linear_sync
32,0.64,0.64,0.64,30000,4,3,linear_sync
64,0.64,0.64,0.65,30000,4,3,linear_sync
128,0.64,0.64,0.79,30000,4,3,linear_sync
256,0.64,0.64,0.82,30000,4,3,linear_sync
512,0.65,0.64,0.86,30000,4,3,linear_sync
1024,0.63,0.63,0.90,30000,4,3,linear_sync
2048,0.64,0.64,1.05,30000,4,3,linear_sync
4096,0.64,0.64,1.38,30000,4,3,linear_sync
8192,0.64,0.64,1.76,30000,4,3,linear_sync
16384,0.64,0.64,2.76,30000,4,3,linear_sync
32768,0.65,0.64,4.33,30000,4,3,linear_sync
65536,0.64,0.64,7.27,30000,4,3,linear_sync
131072,0.64,0.64,12.37,30000,4,3,linear_sync
262144,0.64,0.64,57.22,30000,4,3,linear_sync
524288,0.64,0.64,114.56,30000,4,3,linear_sync
1,2.25,2.25,2.25,30000,8,3,linear_sync
2,2.23,2.23,2.26,30000,8,3,linear_sync
4,2.28,2.28,2.33,30000,8,3,linear_sync
8,2.24,2.24,2.70,30000,8,3,linear_sync
16,2.25,2.25,2.63,30000,8,3,linear_sync
32,2.25,2.25,2.61,30000,8,3,linear_sync
64,2.32,2.31,2.73,30000,8,3,linear_sync
128,2.24,2.24,2.83,30000,8,3,linear_sync
256,2.26,2.25,2.85,30000,8,3,linear_sync
512,2.29,2.29,2.98,30000,8,3,linear_sync
1024,2.30,2.27,3.20,30000,8,3,linear_sync
2048,2.29,2.23,4.00,30000,8,3,linear_sync
4096,2.25,2.24,4.91,30000,8,3,linear_sync
8192,2.26,2.26,7.46,30000,8,3,linear_sync
16384,2.25,2.25,10.34,30000,8,3,linear_sync
32768,2.29,2.29,17.12,30000,8,3,linear_sync
65536,2.26,2.26,30.19,30000,8,3,linear_sync
131072,2.24,2.23,59.69,30000,8,3,linear_sync
262144,2.23,2.23,122.29,30000,8,3,linear_sync
524288,2.30,2.28,234.41,30000,8,3,linear_sync
1,5.89,5.89,5.89,30000,16,3,linear_sync
2,5.73,5.48,5.73,30000,16,3,linear_sync
4,5.89,5.49,5.89,30000,16,3,linear_sync
8,5.71,5.55,5.79,30000,16,3,linear_sync
16,5.74,5.47,5.74,30000,16,3,linear_sync
32,5.96,5.55,6.25,30000,16,3,linear_sync
64,5.61,5.56,6.28,30000,16,3,linear_sync
128,5.72,5.52,7.22,30000,16,3,linear_sync
256,5.72,5.49,7.30,30000,16,3,linear_sync
512,5.74,5.54,7.80,30000,16,3,linear_sync
1024,5.87,5.56,8.25,30000,16,3,linear_sync
2048,5.85,5.55,10.50,30000,16,3,linear_sync
4096,5.70,5.61,12.99,30000,16,3,linear_sync
8192,5.75,5.56,19.50,30000,16,3,linear_sync
16384,5.77,5.49,29.59,30000,16,3,linear_sync
32768,5.41,5.41,50.83,30000,16,3,linear_sync
65536,5.75,5.48,80.32,30000,16,3,linear_sync
131072,5.67,5.51,151.99,30000,16,3,linear_sync
262144,5.69,5.45,252.73,30000,16,3,linear_sync
524288,5.38,5.38,488.93,30000,16,3,linear_sync
1,12.93,12.93,12.93,30000,32,3,linear_sync
2,13.30,12.67,13.30,30000,32,3,linear_sync
4,13.20,12.60,13.20,30000,32,3,linear_sync
8,13.20,12.55,13.20,30000,32,3,linear_sync
16,13.58,12.81,13.58,30000,32,3,linear_sync
32,13.08,12.45,13.92,30000,32,3,linear_sync
64,13.46,12.31,13.74,30000,32,3,linear_sync
128,12.98,12.43,16.94,30000,32,3,linear_sync
256,13.69,12.35,17.14,30000,32,3,linear_sync
512,13.59,12.22,18.80,30000,32,3,linear_sync
1024,13.84,12.19,19.28,30000,32,3,linear_sync
2048,14.08,12.20,25.52,30000,32,3,linear_sync
4096,13.64,12.17,31.37,30000,32,3,linear_sync
8192,14.02,12.30,45.31,30000,32,3,linear_sync
16384,13.85,12.33,67.17,30000,32,3,linear_sync
32768,14.02,12.31,112.95,30000,32,3,linear_sync
65536,13.58,12.24,200.05,30000,32,3,linear_sync
131072,13.72,12.36,337.60,30000,32,3,linear_sync
262144,13.67,12.14,531.01,30000,32,3,linear_sync
524288,12.62,12.38,1172.44,30000,32,3,linear_sync
1,30.56,30.56,30.56,30000,64,3,linear_sync
2,29.53,29.53,30.90,30000,64,3,linear_sync
4,29.87,29.60,31.17,30000,64,3,linear_sync
8,30.92,29.61,30.92,30000,64,3,linear_sync
16,30.04,29.51,31.12,30000,64,3,linear_sync
32,30.66,29.38,32.96,30000,64,3,linear_sync
64,30.46,29.42,32.29,30000,64,3,linear_sync
128,30.95,29.31,39.26,30000,64,3,linear_sync
256,31.04,29.40,39.41,30000,64,3,linear_sync
512,31.45,29.04,43.02,30000,64,3,linear_sync
1024,31.66,29.25,44.59,30000,64,3,linear_sync
2048,30.36,29.08,57.36,30000,64,3,linear_sync
4096,30.59,29.40,72.35,30000,64,3,linear_sync
8192,29.14,29.14,104.19,30000,64,3,linear_sync
16384,29.39,29.07,153.04,30000,64,3,linear_sync
32768,29.51,28.88,254.12,30000,64,3,linear_sync
65536,30.60,29.13,448.72,30000,64,3,linear_sync
131072,30.22,28.59,836.69,30000,64,3,linear_sync
262144,29.14,28.74,1357.35,30000,64,3,linear_sync
524288,28.87,28.87,3159.34,30000,64,3,linear_sync
1,74.47,74.47,74.47,30000,128,3,linear_sync
2,75.63,72.89,75.63,30000,128,3,linear_sync
4,76.33,72.72,76.33,30000,128,3,linear_sync
8,75.59,72.32,75.59,30000,128,3,linear_sync
16,75.87,72.00,75.87,30000,128,3,linear_sync
32,75.37,72.53,85.12,30000,128,3,linear_sync
64,75.98,72.21,90.32,30000,128,3,linear_sync
128,75.44,71.94,99.26,30000,128,3,linear_sync
256,76.08,72.63,101.79,30000,128,3,linear_sync
512,76.19,72.68,111.18,30000,128,3,linear_sync
1024,75.45,72.63,121.72,30000,128,3,linear_sync
2048,76.12,71.77,150.42,30000,128,3,linear_sync
4096,75.72,71.88,256.72,30000,128,3,linear_sync
8192,75.28,72.23,474.38,30000,128,3,linear_sync
16384,75.71,72.14,606.38,30000,128,3,linear_sync
32768,75.32,72.38,1851.83,30000,128,3,linear_sync
65536,75.92,72.51,1334.44,30000,128,3,linear_sync
131072,76.70,72.41,2962.46,30000,128,3,linear_sync
262144,76.46,72.17,3683.66,30000,128,3,linear_sync
524288,81.37,72.14,7181.46,30000,128,3,linear_sync
1,280.61,280.61,280.61,30000,256,3,linear_sync
2,292.94,276.91,292.94,30000,256,3,linear_sync
4,295.38,278.92,295.38,30000,256,3,linear_sync
8,290.82,278.59,290.82,30000,256,3,linear_sync
16,281.81,277.63,288.78,30000,256,3,linear_sync
32,281.24,276.56,303.25,30000,256,3,linear_sync
64,282.24,277.99,299.08,30000,256,3,linear_sync
128,294.00,276.96,328.19,30000,256,3,linear_sync
256,290.28,278.54,366.97,30000,256,3,linear_sync
512,281.76,278.16,383.83,30000,256,3,linear_sync
