Size,Avg Latency(us),Min Latency(us),Max Latency(us),Iterations,NP_total,ALGO,ALGO_NAME
4,0.31,0.12,0.31,30000,2,0,ignore
4,0.22,0.21,0.22,30000,4,0,ignore
4,0.36,0.36,0.36,30000,6,0,ignore
4,0.48,0.47,0.48,30000,8,0,ignore
4,0.42,0.42,0.44,30000,10,0,ignore
4,0.41,0.41,0.44,30000,12,0,ignore
4,0.45,0.44,0.45,30000,14,0,ignore
4,0.61,0.60,0.61,30000,16,0,ignore
4,0.52,0.52,0.52,30000,18,0,ignore
4,0.58,0.53,0.60,30000,20,0,ignore
4,0.52,0.51,0.52,30000,22,0,ignore
4,0.53,0.53,0.53,30000,24,0,ignore
4,0.50,0.49,0.54,30000,26,0,ignore
4,0.51,0.51,0.58,30000,28,0,ignore
4,0.51,0.51,0.67,30000,30,0,ignore
4,0.78,0.69,0.80,30000,32,0,ignore
4,0.74,0.67,0.74,30000,34,0,ignore
4,0.65,0.63,0.65,30000,36,0,ignore
4,0.65,0.60,0.65,30000,38,0,ignore
4,0.63,0.63,0.63,30000,40,0,ignore
4,0.59,0.59,0.61,30000,42,0,ignore
4,0.64,0.61,0.64,30000,44,0,ignore
4,0.65,0.61,0.65,30000,46,0,ignore
4,0.61,0.61,0.65,30000,48,0,ignore
4,0.64,0.59,0.64,30000,50,0,ignore
4,0.61,0.60,0.64,30000,52,0,ignore
4,0.63,0.59,0.65,30000,54,0,ignore
4,0.65,0.62,0.65,30000,56,0,ignore
4,0.60,0.60,0.60,30000,58,0,ignore
4,0.65,0.61,0.65,30000,60,0,ignore
4,0.62,0.62,0.68,30000,62,0,ignore
4,0.87,0.83,0.87,30000,64,0,ignore
4,0.79,0.74,0.79,30000,66,0,ignore
4,0.79,0.76,0.79,30000,68,0,ignore
4,0.82,0.76,0.82,30000,70,0,ignore
4,0.92,0.83,0.92,30000,72,0,ignore
4,0.91,0.80,0.91,30000,74,0,ignore
4,0.86,0.81,0.87,30000,76,0,ignore
4,0.84,0.82,0.84,30000,78,0,ignore
4,0.92,0.87,0.92,30000,80,0,ignore
4,0.99,0.84,0.99,30000,82,0,ignore
4,0.89,0.87,0.89,30000,84,0,ignore
4,0.94,0.83,0.94,30000,86,0,ignore
4,0.97,0.91,0.97,30000,88,0,ignore
4,0.97,0.85,0.97,30000,90,0,ignore
4,0.89,0.86,0.89,30000,92,0,ignore
4,0.88,0.86,0.88,30000,94,0,ignore
4,0.96,0.91,0.96,30000,96,0,ignore
4,0.97,0.93,1.01,30000,98,0,ignore
4,1.13,0.94,1.13,30000,100,0,ignore
4,1.12,0.90,1.12,30000,102,0,ignore
4,1.06,0.96,1.06,30000,104,0,ignore
4,1.00,0.94,1.02,30000,106,0,ignore
4,0.94,0.94,1.19,30000,108,0,ignore
4,0.95,0.95,1.06,30000,110,0,ignore
4,1.05,0.95,1.05,30000,112,0,ignore
4,1.08,0.97,1.13,30000,114,0,ignore
4,0.99,0.99,1.21,30000,116,0,ignore
4,0.97,0.97,1.03,30000,118,0,ignore
4,1.13,0.98,1.13,30000,120,0,ignore
4,1.02,1.01,1.16,30000,122,0,ignore
4,1.04,1.03,1.04,30000,124,0,ignore
4,1.17,0.95,1.26,30000,126,0,ignore
4,1.01,1.01,1.09,30000,128,0,ignore
4,0.81,0.81,1.03,30000,130,0,ignore
4,0.86,0.86,1.34,30000,132,0,ignore
4,0.85,0.84,0.98,30000,134,0,ignore
4,1.26,0.93,1.26,30000,136,0,ignore
4,0.97,0.87,0.99,30000,138,0,ignore
4,1.09,0.93,1.09,30000,140,0,ignore
4,1.01,0.93,1.01,30000,142,0,ignore
4,1.18,1.03,1.18,30000,144,0,ignore
4,1.32,1.05,1.32,30000,146,0,ignore
4,1.73,1.25,1.73,30000,148,0,ignore
4,1.61,1.23,1.61,30000,150,0,ignore
4,1.62,1.44,1.70,30000,152,0,ignore
4,1.67,1.41,1.67,30000,154,0,ignore
4,1.72,1.37,1.97,30000,156,0,ignore
4,1.64,1.39,1.64,30000,158,0,ignore
4,1.62,1.62,1.77,30000,160,0,ignore
4,2.12,2.12,2.19,30000,162,0,ignore
4,2.28,2.28,2.60,30000,164,0,ignore
4,2.28,2.15,2.28,30000,166,0,ignore
4,2.62,2.47,2.65,30000,168,0,ignore
4,2.23,2.23,2.39,30000,170,0,ignore
4,2.70,2.43,2.70,30000,172,0,ignore
4,2.23,2.12,2.66,30000,174,0,ignore
4,2.94,2.57,2.94,30000,176,0,ignore
4,2.63,2.32,2.63,30000,178,0,ignore
4,2.79,2.49,2.83,30000,180,0,ignore
4,2.58,2.19,2.58,30000,182,0,ignore
4,2.96,2.70,3.00,30000,184,0,ignore
4,2.80,2.30,2.80,30000,186,0,ignore
4,3.20,2.75,4.33,30000,188,0,ignore
4,2.77,2.44,2.77,30000,190,0,ignore
4,3.38,2.95,3.38,30000,192,0,ignore
4,2.82,2.54,2.82,30000,194,0,ignore
4,3.19,2.90,3.19,30000,196,0,ignore
4,2.74,2.37,2.74,30000,198,0,ignore
4,3.46,2.36,3.48,30000,200,0,ignore
4,2.96,2.45,2.96,30000,202,0,ignore
4,3.42,2.85,3.42,30000,204,0,ignore
4,2.99,2.39,2.99,30000,206,0,ignore
4,3.61,3.06,3.61,30000,208,0,ignore
4,3.06,2.48,3.06,30000,210,0,ignore
4,3.81,2.68,3.81,30000,212,0,ignore
4,2.75,2.27,2.75,30000,214,0,ignore
4,3.36,2.86,3.36,30000,216,0,ignore
4,2.91,2.33,2.91,30000,218,0,ignore
4,2.89,2.59,2.92,30000,220,0,ignore
4,2.61,2.17,2.72,30000,222,0,ignore
4,3.47,3.01,3.47,30000,224,0,ignore
4,2.91,2.73,3.03,30000,226,0,ignore
4,2.79,2.40,2.79,30000,228,0,ignore
4,2.66,2.66,2.97,30000,230,0,ignore
4,2.71,2.71,3.26,30000,232,0,ignore
4,2.67,2.65,3.02,30000,234,0,ignore
4,2.73,2.73,3.34,30000,236,0,ignore
4,2.48,2.26,2.57,30000,238,0,ignore
4,3.24,3.16,3.24,30000,240,0,ignore
4,2.75,2.45,2.75,30000,242,0,ignore
4,2.67,2.67,3.18,30000,244,0,ignore
4,2.58,2.26,2.58,30000,246,0,ignore
4,2.65,2.65,3.14,30000,248,0,ignore
4,2.63,2.23,2.63,30000,250,0,ignore
4,2.64,2.46,2.64,30000,252,0,ignore
4,2.28,2.19,2.55,30000,254,0,ignore
4,0.66,0.64,0.66,30000,256,0,ignore
